     size  sparsity  time_steps  cpu-dense  cpu-sparse        jit        gpu
0       2    1.0000           1   0.000000    0.000000   0.608859   0.076513
1     100    0.0010          10   0.000000    0.000000   0.000200   0.004000
2     100    0.1000          10   0.000000    0.000800   0.000000   0.003999
3     100    0.5000          10   0.000600    0.000600   0.000000   0.004169
4     500    0.0001          10   0.000801    0.000801   0.000902   0.005602
5     500    0.0010          10   0.000999    0.000600   0.001000   0.005901
6     500    0.1000          10   0.002600    0.002000   0.002601   0.008905
7     500    0.5000          10   0.011005    0.010917   0.010703   0.018908
8    1000    0.0001          10   0.003394    0.003514   0.003146   0.018629
9    1000    0.0010          10   0.003401    0.002802   0.003201   0.017205
10  10000    0.0010         100   1.777070    1.739408   1.755986   0.605866
11  10000    0.0100         100   1.818767    1.831267   1.834549   0.807057
12  10000    0.1000         100   2.589528    2.592782   2.609470   1.938106
13  10000    0.5000         100   5.954686    5.904528   6.212827  15.541118
14   1000    0.0010        1000   0.122604    0.115203   0.115379   0.421799
15   1000    0.0100        1000   0.114214    0.115325   0.109955   0.456178
16   1000    0.1000        1000   0.123747    0.122278   0.120595   0.459559
17  10000    0.0010        1000  16.501742   16.498404  16.537630   2.244097
18  10000    0.0100        1000  16.525210   16.534974  16.604306   2.267239
19  10000    0.1000        1000  17.651467   17.741055  17.812518   3.328333
20  10000    0.5000        1000  20.068919   19.874110  19.786699   7.381944

     size  sparsity  time_steps  cpu-dense  cpu-sparse        jit        gpu
0       2    1.0000           1   0.022026    0.013735   0.594528   0.111547
1     100    0.0010          10   0.028630    0.046964   0.026023   0.028424
2     100    0.1000          10   0.030129    0.028018   0.024135   0.035761
3     100    0.5000          10   0.032129    0.029184   0.029765   0.029956
4     500    0.0001          10   0.043036    0.029628   0.029966   0.035907
5     500    0.0010          10   0.032513    0.030218   0.031829   0.031573
6     500    0.1000          10   0.039564    0.046424   0.036736   0.048407
7     500    0.5000          10   0.060280    0.066795   0.058306   0.073652
8    1000    0.0001          10   0.038346    0.024822   0.033223   0.065657
9    1000    0.0010          10   0.043889    0.025763   0.035560   0.071352
10  10000    0.0010         100   1.702997    0.080171   1.718519   0.631778
11  10000    0.0100         100   1.836333    0.345460   1.821570   0.841708
12  10000    0.1000         100   3.355736    3.446507   3.334850   2.615721
13  10000    0.5000         100  10.038737   16.302168  10.182006  10.047610
14   1000    0.0010        1000   0.169491    0.067716   0.151200   0.455853
15   1000    0.0100        1000   0.162164    0.070988   0.151694   0.465679
16   1000    0.1000        1000   0.176355    0.135157   0.171130   0.489051
17  10000    0.0010        1000  16.024282    0.180300  16.071552   2.241346
18  10000    0.0100        1000  16.265501    0.864441  16.384246   2.433769
19  10000    0.1000        1000  17.490266   11.497761  17.176794   4.143567
20  10000    0.5000        1000  24.827869   50.128163  24.960281  10.600528

    size  sparsity  time_steps  cpu-dense  cpu-sparse       jit       gpu
0      2    1.0000           1   0.000201    0.000200  0.629522  0.094788
1    100    0.0010          10   0.000400    0.000200  0.000200  0.005200
2    100    0.1000          10   0.000000    0.000600  0.000200  0.005001
3    100    0.5000          10   0.000400    0.001314  0.000597  0.006004
4    500    0.0001          10   0.001113    0.000404  0.001000  0.006799
5    500    0.0010          10   0.001000    0.000200  0.001316  0.006605
6    500    0.1000          10   0.002803    0.004400  0.002595  0.013418
7    500    0.5000          10   0.011294    0.020098  0.010404  0.026100
8   1000    0.0001          10   0.004011    0.000600  0.003985  0.010680
9   1000    0.0010          10   0.004103    0.000600  0.003399  0.015001
10  1000    0.0100          10   0.003457    0.002067  0.003199  0.018853
11  1000    0.1000          10   0.010971    0.016913  0.010602  0.019810
12  1000    0.1500          10   0.015129    0.025833  0.014324  0.038426
13  1000    0.2000          10   0.018586    0.034290  0.018526  0.041652
14  1000    0.2500          10   0.023645    0.043342  0.023276  0.046924
15  1000    0.3000          10   0.026821    0.051145  0.027576  0.049731
16  1000    0.0001         100   0.014275    0.003002  0.014981  0.074003
17  1000    0.0010         100   0.014200    0.003202  0.014812  0.058448
18  1000    0.0100         100   0.013306    0.004803  0.013401  0.055414
19  1000    0.1000         100   0.021016    0.023219  0.020615  0.093716
20  1000    0.1500         100   0.024669    0.035256  0.024672  0.099106
21  1000    0.2000         100   0.029228    0.045850  0.029148  0.097372
22  1000    0.2500         100   0.033435    0.057280  0.033563  0.109764
23  2000    0.3000         100   0.126095    0.273605  0.136369  0.305780
24  3000    0.3000         100   0.376791    0.681761  0.373245  0.563557
25  4000    0.3000         100   0.692875    1.236284  0.705188  0.813905
26  5000    0.3000         100   1.110801    1.907498  1.092397  1.198167
27  6000    0.3000         100   1.595876    2.714986  1.568187  1.533251
28  7000    0.3000         100   2.143573    3.732462  2.177659  2.059719

    size  sparsity  time_steps  cpu-dense  cpu-sparse       jit       gpu
0      2       1.0           1   0.000000    0.000200  0.568156  0.071660
1    500       0.1          10   0.002306    0.004102  0.002302  0.007565
2    500       0.5          10   0.010424    0.019201  0.010206  0.020507
3   6000       0.2         200   1.723708    2.490209  1.767231  1.330090
4   6000       0.2         300   2.266326    2.924923  2.282304  1.229864
5   6000       0.2         500   3.345984    4.068689  3.357062  1.444151
6   8000       0.2           2   1.123422    2.124793  1.128138  1.463425
7   8000       0.2           5   1.149402    2.145401  1.143299  1.703089
8   8000       0.2          10   1.194242    2.195700  1.195360  1.663087
9   8000       0.2          20   1.296984    2.302327  1.306096  1.824761
10  8000       0.2          50   1.601391    2.609151  1.598392  1.821243
11  8000       0.2          80   1.893273    2.915056  1.886970  1.850265
12  8000       0.2         100   2.070534    3.130129  2.095763  1.876160
13  8000       0.2         150   2.568226    3.641594  2.561022  1.962475
14  8000       0.2         200   3.060680    4.435376  3.062296  2.014488
15  8000       0.2         300   3.995243    5.205693  4.091132  1.872804
16  8000       0.2         500   6.301245    7.530774  6.391794  2.166163

    size  sparsity  time_steps  cpu-dense  cpu-sparse       jit       gpu
0      2      1.00           1   0.000000    0.000200  0.606919  0.089804
1    500      0.10          10   0.002201    0.003870  0.002800  0.007502
2    500      0.50          10   0.010502    0.019187  0.010404  0.020529
3   5000      0.20          50   0.629481    1.005304  0.636878  0.911770
4   5000      0.20         200   1.220027    1.718124  1.221172  1.014046
5   5000      0.20         300   1.593566    2.033741  1.629281  1.007364
6   5000      0.20         400   2.019185    2.403326  2.024897  1.132141
7   5000      0.20         500   2.411341    2.805012  2.409145  1.179700
8   8000      0.10         200   2.517540    2.224872  2.549004  1.341596
9   8000      0.10         300   3.474388    2.660333  3.514534  1.334008
10  8000      0.10         400   4.459089    3.199530  4.440373  1.445283
11  8000      0.15         100   1.843361    2.330617  1.859761  1.578704
12  8000      0.15         200   2.836420    3.347753  2.813384  1.631207
13  8000      0.15         300   3.740816    3.923403  3.773387  1.576933

    size  sparsity  time_steps  cpu-dense  cpu-sparse       jit       gpu
0      2     1.000           1   0.000200    0.000502  0.570821  0.071837
1    500     0.100          10   0.002503    0.004300  0.002701  0.008036
2    500     0.500          10   0.010404    0.019215  0.011216  0.019738
3   4000     0.001           5   0.035652    0.003202  0.036717  0.144530
4   4000     0.010           5   0.037882    0.026395  0.037853  0.135602
5   4000     0.050           5   0.092480    0.133824  0.092775  0.231254
6   4000     0.001          50   0.118801    0.005400  0.120345  0.165721
7   4000     0.010          50   0.130451    0.032495  0.134109  0.137709
8   4000     0.050          50   0.185633    0.153285  0.189963  0.251203
9   4000     0.001         200   0.384253    0.013668  0.391021  0.267814
10  4000     0.010         200   0.424098    0.050719  0.429581  0.256665
11  4000     0.050         200   0.500601    0.243514  0.490657  0.337976
12  4000     0.001         400   0.730162    0.022815  0.739680  0.390721
13  4000     0.010         400   0.816184    0.072555  0.830224  0.419463
14  4000     0.050         400   0.884762    0.312781  0.873597  0.459450
15  6000     0.001           5   0.081157    0.007212  0.080545  0.197213
16  6000     0.010           5   0.086748    0.061561  0.086515  0.233454
17  6000     0.050           5   0.209898    0.301651  0.207755  0.513538
18  6000     0.001          50   0.327304    0.009802  0.317280  0.258586
19  6000     0.010          50   0.328466    0.071105  0.336181  0.256622
20  6000     0.050          50   0.452748    0.366090  0.454895  0.557526
21  6000     0.001         200   1.099575    0.020337  1.107139  0.399074
22  6000     0.010         200   1.149448    0.111830  1.166467  0.404815
23  6000     0.050         200   1.274385    0.594954  1.308385  0.699440
24  6000     0.001         400   2.170714    0.032879  2.191729  0.577902
25  6000     0.010         400   2.274187    0.146124  2.273506  0.582469
26  6000     0.050         400   2.387700    0.812535  2.381972  0.887320
27  8000     0.001           5   0.134452    0.011314  0.136664  0.326944
28  8000     0.010           5   0.150278    0.107073  0.149614  0.365046
29  8000     0.050           5   0.368887    0.535378  0.398208  0.802765
30  8000     0.001          50   0.602563    0.015458  0.566208  0.339323
31  8000     0.010          50   0.592091    0.123854  0.621043  0.356141
32  8000     0.050          50   0.827196    0.661020  0.809630  0.834083
33  8000     0.001         200   2.021779    0.032715  2.028513  0.597049
34  8000     0.010         200   2.192924    0.196534  2.184260  0.625148
35  8000     0.050         200   2.475604    1.145342  2.311488  0.887815
36  8000     0.001         400   4.132627    0.049471  4.106541  0.797808
37  8000     0.010         400   4.152186    0.250765  4.148346  0.795875
38  8000     0.050         400   4.308491    1.590213  4.331117  1.184013

0      2     1.000           1   0.000000    0.000400  0.616056  0.076577
1    500     0.100          10   0.002601    0.004417  0.002774  0.008401
2    500     0.500          10   0.010807    0.019609  0.010789  0.020016
3   1000     0.001           5   0.003006    0.000999  0.003001  0.018124
4   1000     0.010           5   0.002402    0.001925  0.002785  0.022559
5   1000     0.050           5   0.005662    0.008182  0.005801  0.037550
6   1000     0.001          50   0.008469    0.001800  0.008704  0.065041
7   1000     0.010          50   0.008229    0.003801  0.007702  0.061037
8   1000     0.050          50   0.011000    0.010270  0.010204  0.083077
9   1000     0.001         200   0.025810    0.006501  0.025710  0.142273
10  1000     0.010         200   0.024121    0.008017  0.023840  0.140421
11  1000     0.050         200   0.027451    0.018414  0.027752  0.159656
12  1000     0.001         400   0.050888    0.013303  0.049647  0.220185
13  1000     0.010         400   0.049139    0.014252  0.046667  0.204919
14  1000     0.050         400   0.050576    0.028820  0.049700  0.221569
15  2000     0.001           5   0.008726    0.001200  0.010584  0.024200
16  2000     0.010           5   0.009422    0.007175  0.009806  0.035006
17  2000     0.050           5   0.023051    0.036256  0.023232  0.059901
18  2000     0.001          50   0.024638    0.004000  0.025438  0.072842
19  2000     0.010          50   0.023672    0.009406  0.025686  0.068490
20  2000     0.050          50   0.037268    0.039236  0.036250  0.090227
21  2000     0.001         200   0.064042    0.008108  0.066193  0.176826
22  2000     0.010         200   0.060499    0.018247  0.061932  0.146662
23  2000     0.050         200   0.076814    0.061988  0.076057  0.180266
24  2000     0.001         400   0.117763    0.015705  0.127382  0.251394
25  2000     0.010         400   0.116399    0.026890  0.111600  0.242420
26  2000     0.050         400   0.129141    0.083479  0.129707  0.267432
27  3000     0.001           5   0.021233    0.002201  0.020724  0.043051
28  3000     0.010           5   0.021788    0.014937  0.021897  0.094135
29  3000     0.050           5   0.052599    0.076893  0.053235  0.122194
30  3000     0.001          50   0.062417    0.004401  0.060774  0.106793
31  3000     0.010          50   0.066912    0.020309  0.066427  0.118400
32  3000     0.050          50   0.103448    0.091487  0.099867  0.206181
33  3000     0.001         200   0.210263    0.010907  0.203180  0.220129
34  3000     0.010         200   0.215620    0.031199  0.216723  0.225162
35  3000     0.050         200   0.245328    0.140617  0.251700  0.262733
36  3000     0.001         400   0.384207    0.018813  0.408328  0.365434
37  3000     0.010         400   0.448936    0.046264  0.428972  0.362713
38  3000     0.050         400   0.458804    0.181197  0.455851  0.378507